-26.49
-8.99
13.43
-22.69
-14.02
-17.8
49.65
41.49
-29.93
15.29
43.02
-37.28
33.02
-43.05
-36.93
-18.59
49.21
42.75
9.81
-41.66
34.27
42.37
35.13
-35.51
21.24
-42.09
-20.83
-3.61
49.38
-13.59
8.43
-9.61
-20.47
37.47
24.97
-9.91
-35.88
24.02
13.39
26.65
1.88
-30.88
-1.84
13.32
-7.14
14.41
-15.58
33.95
-6.67
15.89
-34.07
40.5
18.06
-15.35
-26.23
9.0
32.19
-7.54
-7.22
-49.4
12.07
40.45
-16.0
-3.06
-12.89
0.17
-14.95
-40.69
-33.83
9.78
31.47
33.74
-43.15
-7.31
-6.8
32.04
11.23
0.27
-0.52
-23.48
-5.36
-45.25
-45.25
30.9
-12.2
6.42
2.45
-38.62
49.64
13.09
0.72
-37.05
-20.26
-13.05
-20.75
2.38
-17.21
-18.94
41.37
3.31
-45.39
46.16
-30.04
-47.21
-41.2
-45.73
-43.89
-23.53
-17.74
-0.61
49.55
26.01
-33.75
28.25
-11.86
2.82
-6.75
11.55
35.15
-48.25
9.53
-2.46
22.9
17.23
22.47
-25.86
34.36
-47.54
40.81
-38.34
-10.29
-18.68
30.38
14.86
8.99
-5.43
13.59
17.73
13.48
-4.49
26.51
-25.93
27.21
33.37
-49.89
-4.44
-13.8
-16.31
36.88
-16.85
-39.35
-3.64
15.69
19.05
33.98
11.97
-43.22
37.59
-47.28
-17.73
-43.13
36.11
-40.72
-31.47
29.6
36.19
-2.42
6.99
-31.74
38.31
25.13
24.13
-28.59
-21.5
-15.43
31.52
-19.94
-35.82
-21.9
38.31
47.29
-29.47
-10.15
-37.01
23.91
3.69
-34.87
-41.98
-14.61
9.25
-30.08
-38.55
-2.92
30.41
1.75
-45.53
-27.67
16.21
-31.36
0.56
-41.23
20.0
36.98
-3.72
16.77
-4.42
5.3
-3.24
19.16
38.74
16.62
-34.9
43.81
39.55
-39.51
11.23
-34.86
-12.1
42.62
-18.27
41.36
-46.95
-11.65
26.83
17.89
7.41
-11.37
47.41
-27.75
37.37
34.1
-8.66
47.7
5.43
-21.47
21.61
14.4
-4.75
-34.0
-29.52
2.91
-23.98
-17.59
44.62
44.97
-18.19
-45.5
37.41
-25.16
-45.61
